Epoch Time,Processing Source,Latitude (deg),Longitude (deg),Significant Wave Height (m),Peak Period (s),Mean Period (s),Peak Direction (deg),Peak Directional Spread (deg),Mean Direction (deg),Mean Directional Spread (deg),Wind Speed (m/s),Wind Direction (deg),Partition0 Start Frequency (hz),Partition0 End Frequency (hz),Partition0 Significant Wave Height (m),Partition0 Mean Period (s),Partition0 Mean Direction (deg),Partition0 Mean Directional Spread (deg),Partition1 Start Frequency (hz),Partition1 End Frequency (hz),Partition1 Significant Wave Height (m),Partition1 Mean Period (s),Partition1 Mean Direction (deg),Partition1 Mean Directional Spread (deg)
1779580800,hdr,43.4374593,-70.349392,0.283,9.309,3.986,166.673,45.65,135.94,45.915,1.7,118,0.029296875,0.126953125,0.157,9.985,158.9,50.542,0.126953125,0.80078125,0.236,3.153,128.036,43.005
1779581700,hdr,43.4374533,-70.3493827,0.298,9.309,4.16,148.095,39.432,138.08,44.447,1.74,110,0.029296875,0.126953125,0.165,10.367,152.0,44.314,0.126953125,0.80078125,0.248,3.294,133.012,44.354
1779582000,embedded,43.43745,-70.3493833,0.3,9.3,4.3,160.833,40.491,142.587,47.271,1.6,125,,,,,,,,,,,,
1779582600,hdr,43.4374455,-70.3493935,0.289,9.309,4.345,159.456,37.971,141.142,43.529,1.75,119,0.029296875,0.126953125,0.174,9.951,157.772,44.845,0.126953125,0.80078125,0.231,3.286,133.101,42.22
1779583500,hdr,43.4374425,-70.3493967,0.283,9.309,4.206,168.398,35.742,142.052,45.197,1.76,114,0.029296875,0.126953125,0.165,10.169,160.826,46.208,0.126953125,0.80078125,0.229,3.222,133.304,43.819
1779583800,embedded,43.4374333,-70.3493833,0.28,9.3,4.22,161.892,39.863,144.889,47.523,1.6,120,,,,,,,,,,,,
1779584400,hdr,43.4374533,-70.3493837,0.277,9.309,4.417,156.436,31.649,141.176,42.145,1.27,132,0.029296875,0.126953125,0.17,10.188,152.079,38.248,0.126953125,0.80078125,0.218,3.289,135.436,44.222
1779585300,hdr,43.4374373,-70.3493858,0.305,9.309,4.617,155.677,27.685,145.46,40.292,1.72,119,0.029296875,0.126953125,0.202,9.785,157.111,38.675,0.126953125,0.80078125,0.228,3.27,136.045,42.2
1779585600,embedded,43.4374333,-70.3493833,0.29,9.3,4.42,154.778,28.498,146.114,43.365,1.6,114,,,,,,,,,,,,
1779586200,hdr,43.4374193,-70.3493952,0.271,9.309,4.267,155.74,33.269,144.668,44.462,1.41,115,0.029296875,0.126953125,0.16,10.193,157.519,46.708,0.126953125,0.80078125,0.218,3.253,139.836,43.927
1779587100,hdr,43.437424,-70.3493862,0.264,9.309,4.375,164.687,33.287,147.223,42.87,1.39,127,0.029296875,0.126953125,0.163,9.874,159.565,40.517,0.126953125,0.80078125,0.207,3.247,139.237,44.032
1779587400,embedded,43.4374167,-70.3493667,0.27,9.3,4.36,161.91,34.219,150.032,45.483,1.2,120,,,,,,,,,,,,
1779588000,hdr,43.4374297,-70.349381,0.296,8.533,4.462,157.013,26.228,146.469,39.567,1.69,123,0.029296875,0.126953125,0.183,9.609,158.106,35.933,0.126953125,0.80078125,0.233,3.352,139.284,41.169
1779588900,hdr,43.437422,-70.3493998,0.303,9.309,4.522,152.248,22.787,144.448,39.159,1.82,126,0.029296875,0.126953125,0.197,10.017,151.781,36.217,0.126953125,0.80078125,0.23,3.22,139.618,41.644
1779589200,embedded,43.4374167,-70.3493833,0.29,8.54,4.44,151.262,24.198,146.727,40.936,1.6,131,,,,,,,,,,,,
1779589800,hdr,43.4374145,-70.3494222,0.297,8.533,4.346,155.467,26.222,143.448,40.817,1.89,128,0.029296875,0.126953125,0.177,10.639,152.653,42.199,0.126953125,0.80078125,0.238,3.281,140.032,40.281
1779590700,hdr,43.4374225,-70.3493995,0.286,8.533,4.457,150.585,28.589,144.054,39.464,1.51,124,0.029296875,0.126953125,0.176,10.126,149.979,41.827,0.126953125,0.80078125,0.224,3.311,141.11,39.506
1779591000,embedded,43.4374167,-70.3494,0.29,8.54,4.38,151.673,27.866,145.192,42.672,1.6,125,,,,,,,,,,,,
1779591600,hdr,43.4374123,-70.3494192,0.306,8.533,4.426,153.504,22.777,144.073,36.041,1.8,124,0.029296875,0.126953125,0.189,9.644,150.059,34.259,0.126953125,0.80078125,0.241,3.325,141.237,38.988
1779592500,hdr,43.4374207,-70.3494258,0.285,8.533,4.224,146.939,31.592,143.319,38.156,1.58,132,0.029296875,0.126953125,0.171,10.065,150.22,36.587,0.126953125,0.80078125,0.228,3.187,140.446,39.9
1779592800,embedded,43.4374167,-70.3494,0.3,8.54,4.34,148.992,29.321,145.026,40.485,1.6,131,,,,,,,,,,,,
1779593400,hdr,43.4374227,-70.3494333,0.316,8.533,4.562,148.054,26.961,144.419,36.726,1.59,129,0.029296875,0.126953125,0.193,9.769,148.127,34.362,0.126953125,0.80078125,0.25,3.46,143.87,38.878
1779594300,hdr,43.43742,-70.349465,0.308,8.533,4.66,150.14,27.266,144.295,37.868,1.63,122,0.029296875,0.126953125,0.2,10.237,151.121,36.294,0.126953125,0.80078125,0.233,3.325,140.98,39.385
1779594600,embedded,43.4374333,-70.3494667,0.31,8.54,4.7,150.764,25.54,147.077,38.88,1.2,125,,,,,,,,,,,,
1779595200,hdr,43.437461,-70.349506,0.327,8.533,4.667,153.605,30.572,145.888,36.937,1.64,134,0.029296875,0.126953125,0.208,9.793,151.48,34.715,0.126953125,0.80078125,0.252,3.444,142.968,40.172
1779596100,hdr,43.437443,-70.349501,0.322,7.877,4.747,150.736,25.018,145.472,38.225,1.74,115,0.029296875,0.126953125,0.202,9.833,153.51,36.142,0.126953125,0.80078125,0.25,3.545,142.216,39.419
1779596400,embedded,43.4374333,-70.3494667,0.31,8.54,4.62,149.989,32.765,148.271,40.288,1.6,125,,,,,,,,,,,,
1779597000,hdr,43.4374385,-70.3495058,0.312,8.533,4.676,149.387,29.824,144.495,38.178,1.62,130,0.029296875,0.126953125,0.192,10.018,149.943,37.821,0.126953125,0.80078125,0.246,3.534,142.965,38.579
1779597900,hdr,43.4374445,-70.3494632,0.319,8.533,4.765,157.721,27.922,147.99,37.709,1.7,127,0.029296875,0.126953125,0.198,9.768,157.339,35.585,0.126953125,0.80078125,0.25,3.61,143.914,38.477
1779598200,embedded,43.4374333,-70.3494667,0.33,8.54,4.78,152.241,27.893,147.825,38.932,1.2,125,,,,,,,,,,,,
1779598800,hdr,43.4374455,-70.349472,0.315,8.533,4.618,141.051,24.709,142.634,38.856,1.59,119,0.029296875,0.126953125,0.187,10.078,143.516,39.435,0.126953125,0.80078125,0.253,3.569,143.508,39.006
1779599700,hdr,43.4374375,-70.3495132,0.296,7.877,4.324,147.272,27.468,147.211,40.171,1.71,124,0.029296875,0.126953125,0.166,9.777,152.937,35.273,0.126953125,0.80078125,0.246,3.451,145.813,41.87
1779600000,embedded,43.4374333,-70.3494833,0.31,8.54,4.56,149.547,25.285,147.908,39.856,1.6,142,,,,,,,,,,,,
1779600600,hdr,43.4374675,-70.3495703,0.316,8.533,4.551,150.768,28.078,148.453,39.85,1.86,126,0.029296875,0.126953125,0.183,9.868,150.349,38.604,0.126953125,0.80078125,0.258,3.574,148.946,41.776
1779601500,hdr,43.4375425,-70.3496262,0.291,9.309,4.772,152.346,28.816,149.368,41.7,1.49,147,0.029296875,0.126953125,0.179,9.893,152.445,38.151,0.126953125,0.80078125,0.23,3.637,147.984,43.769
1779601800,embedded,43.4375333,-70.3496333,0.31,7.88,4.72,151.794,32.443,151.289,43.47,1.2,142,,,,,,,,,,,,
1779602400,hdr,43.4375532,-70.3496535,0.341,8.533,5.435,155.417,31.126,149.806,42.749,1.59,153,0.029296875,0.126953125,0.225,9.703,150.823,39.705,0.126953125,0.80078125,0.257,4.062,148.034,44.217
1779603300,hdr,43.4375855,-70.349616,0.294,8.533,4.703,152.494,36.543,151.87,46.73,1.33,137,0.029296875,0.126953125,0.184,9.776,150.222,42.002,0.126953125,0.80078125,0.229,3.522,152.15,48.594
1779603600,embedded,43.4375833,-70.3496167,0.31,8.54,5.02,154.788,33.111,151.415,44.776,1.2,154,,,,,,,,,,,,
1779604200,hdr,43.4375725,-70.3496197,0.278,8.533,4.517,162.471,35.45,155.055,48.835,1.45,154,0.029296875,0.126953125,0.164,9.911,156.268,43.25,0.126953125,0.80078125,0.224,3.496,154.594,50.267
1779605100,hdr,43.4375573,-70.3496277,0.319,8.533,5.056,162.913,36.227,155.477,45.698,1.14,169,0.029296875,0.126953125,0.196,9.825,157.989,44.715,0.126953125,0.80078125,0.251,3.904,153.152,45.471
1779605400,embedded,43.4375333,-70.3496333,0.31,8.54,4.96,159.484,34.641,155.632,46.346,1.2,142,,,,,,,,,,,,
1779606000,hdr,43.4375435,-70.3496368,0.305,9.309,4.75,153.299,31.455,155.657,47.928,1.2,158,0.029296875,0.126953125,0.19,11.012,150.395,44.926,0.126953125,0.80078125,0.238,3.492,159.356,49.173
1779606900,hdr,43.4375615,-70.3496375,0.321,7.314,5.253,157.935,30.386,153.988,44.541,1.12,165,0.029296875,0.126953125,0.19,10.527,153.509,44.356,0.126953125,0.80078125,0.259,4.135,154.175,43.668
1779607200,embedded,43.4375333,-70.3496333,0.31,9.3,5.04,151.006,35.813,152.513,47.778,1.2,165,,,,,,,,,,,,
1779607800,hdr,43.4375493,-70.3496437,0.304,10.24,4.81,157.062,45.666,153.591,49.463,1.5,153,0.029296875,0.126953125,0.184,10.631,154.759,49.301,0.126953125,0.80078125,0.242,3.652,152.004,49.075
1779608700,hdr,43.4375523,-70.3496343,0.296,7.877,4.701,157.599,31.379,154.991,46.879,1.38,164,0.029296875,0.126953125,0.171,10.413,150.98,46.879,0.126953125,0.80078125,0.242,3.693,156.859,45.727
1779609000,embedded,43.4375333,-70.3496167,0.31,9.3,4.76,152.204,38.562,154.255,48.524,1.2,177,,,,,,,,,,,,
1779609600,hdr,43.43754,-70.3496172,0.317,10.24,4.592,149.906,41.434,157.066,48.415,1.9,167,0.029296875,0.126953125,0.201,10.345,154.437,45.642,0.126953125,0.80078125,0.246,3.349,159.332,51.135
1779610500,hdr,43.437559,-70.3496028,0.316,9.309,4.48,154.08,35.939,156.367,48.663,2.17,180,0.029296875,0.126953125,0.191,10.107,157.383,48.895,0.126953125,0.80078125,0.251,3.392,156.445,49.874
1779610800,embedded,43.43755,-70.3496,0.31,9.3,4.48,161.862,38.385,157.415,50.546,2.0,171,,,,,,,,,,,,
1779611400,hdr,43.4375652,-70.3496037,0.295,9.309,4.197,163.189,41.214,155.158,49.061,2.53,155,0.029296875,0.126953125,0.165,10.499,157.576,49.117,0.126953125,0.80078125,0.244,3.299,153.893,49.579
1779612300,hdr,43.4375655,-70.3496062,0.313,9.309,4.499,157.712,31.734,155.656,48.333,1.65,167,0.029296875,0.126953125,0.203,10.104,158.169,46.444,0.126953125,0.80078125,0.239,3.212,153.632,50.27
1779612600,embedded,43.43755,-70.3496,0.31,9.3,4.42,159.89,36.846,156.084,50.286,2.0,165,,,,,,,,,,,,
1779613200,hdr,43.4375587,-70.3495977,0.304,10.24,4.277,156.748,39.593,156.212,49.78,1.81,155,0.029296875,0.126953125,0.176,10.304,163.953,49.6,0.126953125,0.80078125,0.248,3.308,151.984,49.876
1779614100,hdr,43.437562,-70.3495842,0.299,10.24,4.383,156.552,40.275,155.912,52.466,1.96,163,0.029296875,0.126953125,0.18,10.443,157.714,50.803,0.126953125,0.80078125,0.239,3.3,155.143,53.876
1779614400,embedded,43.43755,-70.3495833,0.3,10.24,4.24,160.102,42.363,158.601,53.258,1.6,160,,,,,,,,,,,,
1779615000,hdr,43.4375595,-70.3495692,0.314,10.24,4.135,176.697,44.156,155.061,52.193,2.71,150,0.029296875,0.126953125,0.18,11.381,161.543,53.287,0.126953125,0.80078125,0.257,3.152,152.115,50.884
1779615900,hdr,43.437555,-70.3495592,0.307,8.533,3.937,162.695,36.81,157.909,50.173,2.93,157,0.029296875,0.126953125,0.164,10.205,169.721,54.63,0.126953125,0.80078125,0.259,3.157,153.25,48.765
1779616200,embedded,43.43755,-70.3495333,0.31,9.3,3.94,169.895,44.233,159.352,53.24,2.4,160,,,,,,,,,,,,
1779616800,hdr,43.4375552,-70.3495187,0.309,10.24,3.703,152.492,46.952,150.893,50.026,2.92,148,0.029296875,0.126953125,0.152,10.85,159.961,54.58,0.126953125,0.80078125,0.269,3.057,148.859,48.285
1779617700,hdr,43.4375777,-70.3495777,0.314,9.309,3.952,165.693,38.184,150.125,50.464,2.43,137,0.029296875,0.126953125,0.169,10.347,161.842,49.164,0.126953125,0.80078125,0.265,3.159,145.721,51.093
1779618000,embedded,43.4375667,-70.3495667,0.32,10.24,4.0,156.337,39.705,152.914,52.668,2.0,142,,,,,,,,,,,,
1779618600,hdr,43.4375922,-70.349573,0.329,9.309,4.337,154.154,32.98,156.998,53.133,2.26,150,0.029296875,0.126953125,0.212,11.393,156.843,50.276,0.126953125,0.80078125,0.251,3.009,156.46,53.261
1779619500,hdr,43.4376015,-70.3495628,0.33,9.309,3.878,171.475,43.823,158.225,54.191,2.44,161,0.029296875,0.126953125,0.184,11.246,166.377,52.036,0.126953125,0.80078125,0.274,2.991,154.698,53.524
1779619800,embedded,43.4375833,-70.34955,0.32,9.3,3.96,163.396,41.676,157.932,54.574,2.0,154,,,,,,,,,,,,
1779620400,hdr,43.4375923,-70.3495747,0.322,10.24,3.965,154.325,38.788,154.794,56.08,2.8,142,0.029296875,0.126953125,0.191,11.339,157.549,52.796,0.126953125,0.80078125,0.259,2.93,152.735,56.728
1779621300,hdr,43.4375757,-70.3496025,0.337,10.24,4.114,157.708,43.952,152.622,56.641,2.77,149,0.029296875,0.126953125,0.202,12.011,164.145,56.336,0.126953125,0.80078125,0.269,3.002,147.276,54.271
1779621600,embedded,43.4375667,-70.3495833,0.33,10.24,4.04,153.805,40.993,154.244,55.763,2.8,154,,,,,,,,,,,,
1779622200,hdr,43.4375638,-70.3495943,0.364,9.309,4.046,155.498,40.845,153.122,54.282,3.19,147,0.029296875,0.126953125,0.21,12.663,158.437,57.271,0.126953125,0.80078125,0.297,3.017,150.899,52.307
1779623100,hdr,43.4375565,-70.3495863,0.374,9.309,3.824,161.673,42.04,155.7,51.406,4.3,152,0.029296875,0.126953125,0.204,11.432,159.93,58.252,0.126953125,0.80078125,0.313,2.979,154.585,49.261
1779623400,embedded,43.43755,-70.3495833,0.37,9.3,3.9,160.05,43.38,157.208,55.854,4.0,148,,,,,,,,,,,,
1779624000,hdr,43.4375668,-70.3495935,0.38,9.309,3.58,161.098,44.987,153.229,52.623,3.95,141,0.029296875,0.126953125,0.207,11.63,157.701,59.606,0.126953125,0.80078125,0.318,2.771,151.366,51.032
1779624900,hdr,43.4375682,-70.3495823,0.38,9.309,3.401,160.065,40.637,153.795,50.473,3.73,139,0.029296875,0.126953125,0.196,10.965,162.028,56.711,0.126953125,0.80078125,0.326,2.723,151.022,49.232
1779625200,embedded,43.43755,-70.3495667,0.39,9.3,3.42,158.515,40.081,153.254,54.121,4.4,142,,,,,,,,,,,,
1779625800,hdr,43.4375662,-70.3495152,0.401,9.309,3.255,161.218,34.465,149.42,47.993,4.32,147,0.029296875,0.126953125,0.193,10.766,155.441,53.8,0.126953125,0.80078125,0.351,2.691,147.156,48.099
1779626700,hdr,43.437555,-70.3495055,0.387,3.103,3.162,145.523,33.061,149.132,47.371,5.22,145,0.029296875,0.126953125,0.164,10.529,149.406,53.247,0.126953125,0.80078125,0.35,2.741,149.482,47.551
1779627000,embedded,43.43755,-70.3495167,0.4,3.1,3.18,139.376,37.291,149.253,52.792,4.0,137,,,,,,,,,,,,
1779627600,hdr,43.437556,-70.3494777,0.411,3.2,3.174,143.942,35.561,148.03,47.19,5.1,143,0.029296875,0.126953125,0.173,10.541,145.951,54.342,0.126953125,0.80078125,0.373,2.761,148.848,47.096
1779628500,hdr,43.4375603,-70.3494347,0.408,3.012,3.248,141.396,34.334,144.304,47.485,4.73,141,0.029296875,0.126953125,0.187,10.897,156.53,54.148,0.126953125,0.80078125,0.363,2.737,142.124,46.813
1779628800,embedded,43.43755,-70.3494333,0.42,3.1,3.24,147.256,35.851,145.781,52.04,5.2,148,,,,,,,,,,,,
1779629400,hdr,43.437578,-70.3494362,0.4,3.103,3.307,147.957,31.71,142.025,46.545,5.73,147,0.029296875,0.126953125,0.18,11.501,148.754,56.706,0.126953125,0.80078125,0.358,2.803,141.217,44.718
1779630300,hdr,43.4375687,-70.3494438,0.431,3.2,3.258,129.773,33.405,140.654,43.369,5.69,129,0.029296875,0.126953125,0.179,10.73,150.263,56.513,0.126953125,0.80078125,0.392,2.844,139.073,42.702
1779630600,embedded,43.4375667,-70.3494333,0.41,3.1,3.24,135.949,32.904,142.903,51.683,4.8,137,,,,,,,,,,,,
1779631200,hdr,43.4375695,-70.3494752,0.428,3.2,3.275,131.769,29.815,141.697,42.682,6.51,132,0.029296875,0.126953125,0.175,10.455,160.613,49.929,0.126953125,0.80078125,0.391,2.88,138.502,42.132
1779632100,hdr,43.437556,-70.3495288,0.409,3.303,3.266,142.423,33.777,143.27,44.377,4.5,134,0.029296875,0.126953125,0.166,10.766,155.583,52.759,0.126953125,0.80078125,0.374,2.87,141.614,43.38
1779632400,embedded,43.4375667,-70.3494833,0.43,3.2,3.34,142.44,33.66,146.648,48.371,5.6,142,,,,,,,,,,,,
1779633000,hdr,43.4375672,-70.349505,0.422,3.303,3.461,144.407,34.218,145.766,42.587,5.16,144,0.029296875,0.126953125,0.192,10.638,155.274,49.802,0.126953125,0.80078125,0.375,2.942,143.541,41.979
1779633900,hdr,43.4375378,-70.3495527,0.427,3.303,3.558,137.109,31.86,142.181,41.342,5.93,137,0.029296875,0.126953125,0.197,10.299,148.882,43.422,0.126953125,0.80078125,0.378,3.021,140.493,41.282
1779634200,embedded,43.4375333,-70.34955,0.43,3.3,3.56,141.578,31.933,144.557,45.033,5.2,142,,,,,,,,,,,,
1779634800,hdr,43.4375112,-70.3495563,0.437,3.303,3.488,145.532,28.094,144.667,38.525,5.51,137,0.029296875,0.126953125,0.2,10.28,150.822,43.187,0.126953125,0.80078125,0.388,2.97,143.65,38.628
1779635700,hdr,43.4374935,-70.3495838,0.437,3.413,3.489,154.105,27.954,147.481,39.364,4.16,129,0.029296875,0.126953125,0.193,10.316,153.675,48.398,0.126953125,0.80078125,0.392,3.006,146.286,38.905
1779636000,embedded,43.4374833,-70.3495667,0.42,3.3,3.44,147.925,30.751,148.184,45.266,4.4,137,,,,,,,,,,,,
1779636600,hdr,43.4374743,-70.3495835,0.417,3.531,3.33,146.304,31.671,145.597,39.912,3.46,144,0.029296875,0.126953125,0.17,10.634,146.574,45.949,0.126953125,0.80078125,0.381,2.928,145.554,39.679
1779637500,hdr,43.4374737,-70.3496008,0.426,3.413,3.395,135.349,27.301,143.551,38.469,4.32,135,0.029296875,0.126953125,0.181,9.922,149.6,38.56,0.126953125,0.80078125,0.385,2.966,142.481,39.249
1779637800,embedded,43.4374667,-70.3496,0.44,3.42,3.4,141.918,28.301,144.579,42.343,4.4,142,,,,,,,,,,,,
1779638400,hdr,43.4374833,-70.3496077,0.493,3.413,3.459,154.619,29.84,146.667,37.176,5.45,135,0.029296875,0.126953125,0.21,9.728,145.731,44.149,0.126953125,0.80078125,0.445,3.024,147.324,37.261
1779639300,hdr,43.437509,-70.3496362,0.486,3.413,3.46,144.644,23.256,146.725,38.25,4.87,144,0.029296875,0.126953125,0.212,10.02,150.724,46.602,0.126953125,0.80078125,0.437,3.0,146.268,37.482
1779639600,embedded,43.4375,-70.3496167,0.48,3.54,3.42,149.563,26.455,147.77,43.41,4.4,137,,,,,,,,,,,,
1779640200,hdr,43.43754,-70.3496205,0.503,8.533,3.475,153.396,23.717,148.019,37.769,5.2,148,0.029296875,0.126953125,0.218,9.979,151.033,44.15,0.126953125,0.80078125,0.453,3.018,147.342,38.278
1779641100,hdr,43.4375658,-70.3495998,0.472,3.413,3.288,139.584,30.804,146.826,41.706,4.48,139,0.029296875,0.126953125,0.186,9.838,146.337,48.099,0.126953125,0.80078125,0.434,2.931,147.225,41.96
1779641400,embedded,43.4375667,-70.3496,0.49,3.42,3.36,143.953,32.016,147.523,44.986,4.0,142,,,,,,,,,,,,
1779642000,hdr,43.4375797,-70.349609,0.513,3.531,3.384,137.845,29.147,145.163,40.357,5.59,139,0.029296875,0.126953125,0.186,10.91,144.315,53.477,0.126953125,0.80078125,0.478,3.063,145.849,39.176
1779642900,hdr,43.437592,-70.3496073,0.514,3.531,3.349,146.278,29.611,145.244,41.266,4.42,136,0.029296875,0.126953125,0.191,10.503,146.188,51.649,0.126953125,0.80078125,0.478,3.02,145.399,40.53
1779643200,embedded,43.4375833,-70.3496,0.52,3.54,3.38,144.742,30.109,145.623,45.933,4.4,137,,,,,,,,,,,,
1779643800,hdr,43.4375987,-70.3496052,0.522,3.793,3.465,155.513,28.505,148.234,41.8,4.82,137,0.029296875,0.126953125,0.199,10.403,154.276,48.784,0.126953125,0.80078125,0.482,3.112,147.846,41.25
1779644700,hdr,43.4376002,-70.3496232,0.53,3.793,3.404,149.934,27.445,145.159,42.423,5.15,149,0.029296875,0.126953125,0.2,11.015,149.692,55.241,0.126953125,0.80078125,0.491,3.054,145.046,40.961
1779645000,embedded,43.4375833,-70.3496167,0.53,3.8,3.46,150.039,25.575,147.235,46.412,4.4,148,,,,,,,,,,,,
1779645600,hdr,43.4376008,-70.3496267,0.542,3.793,3.44,147.38,21.723,144.712,42.189,5.38,139,0.029296875,0.126953125,0.199,10.755,152.289,53.706,0.126953125,0.80078125,0.504,3.109,144.521,41.393
1779646500,hdr,43.4375937,-70.3496185,0.576,3.938,3.424,146.342,24.972,145.977,39.581,5.82,143,0.029296875,0.126953125,0.203,10.072,153.725,46.235,0.126953125,0.80078125,0.54,3.133,145.075,39.529
1779646800,embedded,43.4375833,-70.3496167,0.56,3.94,3.42,145.52,25.002,145.462,46.009,4.8,142,,,,,,,,,,,,
1779647400,hdr,43.437589,-70.3496325,0.602,4.096,3.56,144.323,21.739,143.555,38.901,4.98,127,0.029296875,0.126953125,0.224,10.179,149.482,47.868,0.126953125,0.80078125,0.559,3.223,143.048,38.244
1779648300,hdr,43.437591,-70.349627,0.57,3.793,3.473,139.274,25.564,142.972,41.455,5.17,139,0.029296875,0.126953125,0.185,10.347,152.337,51.644,0.126953125,0.80078125,0.539,3.222,142.398,40.398
1779648600,embedded,43.4375833,-70.3496167,0.59,3.8,3.56,142.401,26.778,145.087,44.488,4.8,137,,,,,,,,,,,,
1779649200,hdr,43.4375858,-70.3496188,0.62,3.938,3.649,141.351,24.637,143.494,38.603,6.03,131,0.029296875,0.126953125,0.235,9.685,153.532,42.472,0.126953125,0.80078125,0.574,3.303,142.177,38.555
1779650100,hdr,43.4375743,-70.3496345,0.599,3.938,3.715,142.269,25.444,145.2,39.927,4.99,151,0.029296875,0.126953125,0.24,9.988,149.349,50.569,0.126953125,0.80078125,0.548,3.315,144.485,38.781
1779650400,embedded,43.4375833,-70.3496167,0.6,3.94,3.64,142.125,25.265,145.19,43.845,4.4,137,,,,,,,,,,,,
1779651000,hdr,43.4375673,-70.3496382,0.59,3.657,3.665,136.005,25.805,148.904,40.062,5.72,155,0.029296875,0.126953125,0.217,10.476,152.057,48.353,0.126953125,0.80078125,0.548,3.328,148.398,39.405
1779651900,hdr,43.4375702,-70.3496445,0.588,3.793,3.676,144.909,28.985,148.874,40.913,5.08,144,0.029296875,0.126953125,0.184,11.083,157.797,59.616,0.126953125,0.80078125,0.558,3.426,148.31,38.809
1779652200,embedded,43.43755,-70.3496333,0.61,3.8,3.7,143.968,27.787,149.906,44.679,4.8,142,,,,,,,,,,,,
1779652800,hdr,43.4375462,-70.3496495,0.609,4.096,3.854,147.191,24.438,149.735,38.264,4.42,143,0.029296875,0.126953125,0.213,10.473,148.253,52.674,0.126953125,0.80078125,0.571,3.543,150.213,36.663
1779653700,hdr,43.4375143,-70.3496668,0.598,4.267,3.796,154.358,29.437,150.019,40.8,4.32,179,0.029296875,0.126953125,0.211,10.509,146.2,47.356,0.126953125,0.80078125,0.56,3.48,150.456,40.721
1779654000,embedded,43.4375167,-70.34965,0.59,3.8,3.82,137.403,28.789,149.201,44.474,4.4,137,,,,,,,,,,,,
1779654600,hdr,43.4375153,-70.3496738,0.625,4.096,3.992,148.429,29.806,148.565,40.877,4.7,143,0.029296875,0.126953125,0.237,10.361,149.774,54.487,0.126953125,0.80078125,0.578,3.619,148.202,39.735
1779655500,hdr,43.4375197,-70.349692,0.628,4.096,3.976,143.679,27.846,151.817,41.211,4.59,143,0.029296875,0.126953125,0.21,10.517,157.603,55.59,0.126953125,0.80078125,0.591,3.686,151.061,39.786
1779655800,embedded,43.4375,-70.3496833,0.62,4.46,4.04,163.846,27.431,149.726,44.668,3.6,137,,,,,,,,,,,,
1779657300,hdr,43.4374763,-70.3496825,0.599,4.655,4.041,159.01,23.526,152.108,40.436,3.68,151,0.029296875,0.126953125,0.207,10.388,158.799,51.492,0.126953125,0.80078125,0.561,3.731,151.396,39.495
1779657600,embedded,43.4374833,-70.3496833,0.6,4.46,4.02,156.031,28.27,150.882,45.331,3.6,131,,,,,,,,,,,,
1779658200,hdr,43.4374662,-70.3496848,0.668,4.452,4.084,159.782,25.935,153.979,38.254,5.01,152,0.029296875,0.126953125,0.2,9.998,159.63,56.022,0.126953125,0.80078125,0.637,3.858,153.59,36.811
1779659100,hdr,43.4374837,-70.3496812,0.622,4.452,4.053,162.244,26.989,154.461,41.795,3.46,148,0.029296875,0.126953125,0.192,10.241,163.951,58.627,0.126953125,0.80078125,0.592,3.812,153.706,40.495
1779659400,embedded,43.4374833,-70.3496667,0.65,4.26,4.08,151.424,24.388,154.903,43.125,4.4,154,,,,,,,,,,,,
1779660000,hdr,43.4374902,-70.3496798,0.648,4.655,4.09,160.159,28.894,154.168,41.364,4.67,142,0.029296875,0.126953125,0.216,11.082,163.463,58.944,0.126953125,0.80078125,0.611,3.792,153.954,39.431
1779660900,hdr,43.4374708,-70.349679,0.662,4.876,4.199,162.427,27.135,153.641,40.188,3.87,142,0.029296875,0.126953125,0.227,10.479,157.234,53.94,0.126953125,0.80078125,0.621,3.887,153.67,38.172
1779661200,embedded,43.4374833,-70.3496667,0.65,4.66,4.12,160.793,26.336,154.459,43.664,4.0,148,,,,,,,,,,,,
1779661800,hdr,43.4374563,-70.3496662,0.673,4.655,4.016,162.941,23.771,154.751,39.411,4.61,137,0.029296875,0.126953125,0.203,10.267,169.85,60.993,0.126953125,0.80078125,0.642,3.785,153.967,37.158
1779662700,hdr,43.4374577,-70.349663,0.658,4.655,4.082,156.836,25.02,153.292,40.476,3.92,154,0.029296875,0.126953125,0.199,11.0,162.766,64.084,0.126953125,0.80078125,0.627,3.839,153.272,37.978
1779663000,embedded,43.43745,-70.34965,0.65,4.88,4.04,156.654,26.206,153.974,44.58,4.0,131,,,,,,,,,,,,
1779663600,hdr,43.4374453,-70.3496575,0.73,5.12,4.258,158.527,19.974,151.707,35.685,4.18,149,0.029296875,0.126953125,0.218,10.605,152.125,57.11,0.126953125,0.80078125,0.697,4.022,151.908,33.666
1779664500,hdr,43.4374493,-70.3496567,0.681,4.452,4.124,154.23,26.379,153.191,39.189,3.73,141,0.029296875,0.126953125,0.186,10.761,166.854,61.187,0.126953125,0.80078125,0.655,3.928,153.069,37.463
1779664800,embedded,43.43745,-70.34965,0.71,4.88,4.18,156.264,25.184,153.879,41.893,4.0,148,,,,,,,,,,,,
1779665400,hdr,43.4374533,-70.3496605,0.744,4.876,4.191,154.658,22.891,151.272,37.907,4.32,142,0.029296875,0.126953125,0.235,11.722,158.411,55.733,0.126953125,0.80078125,0.705,3.912,151.407,35.527
1779666300,hdr,43.4374435,-70.3496635,0.659,4.267,4.023,158.338,24.575,152.151,39.784,4.86,134,0.029296875,0.126953125,0.182,11.062,150.563,61.502,0.126953125,0.80078125,0.633,3.822,152.538,38.032
1779666600,embedded,43.4374333,-70.34965,0.71,4.88,4.16,155.025,27.824,153.054,42.674,4.4,137,,,,,,,,,,,,
